-995625
-989834
-988897
-988274
-976186
-975071
-971628
-971172
-961277
-958204
-955587
-953150
-950597
-946079
-945476
-941284
-938142
-920917
-912616
-912123
-909268
-904663
-904590
-895423
-892506
-889942
-887858
-883799
-883109
-883068
-879351
-876899
-864780
-860533
-850537
-842730
-840462
-836534
-834979
-832381
-830201
-828901
-826500
-825062
-824874
-824497
-821125
-815456
-808057
-807371
-804639
-804244
-797084
-792585
-792274
-791810
-791092
-778415
-778046
-776687
-766495
-763819
-757605
-755008
-752566
-750366
-737769
-731052
-730614
-730227
-729659
-726568
-725660
-725260
-709189
-701618
-701269
-697812
-697388
-696174
-692344
-689836
-688825
-681686
-675857
-675615
-671166
-666890
-663512
-661509
-661305
-654550
-645337
-640652
-639357
-636530
-633377
-629696
-626896
-621804
-621483
-620780
-617609
-617034
-615346
-609186
-599327
-585059
-584107
-581703
-577494
-571894
-567013
-566953
-561779
-561184
-558758
-558444
-551119
-549928
-549649
-549546
-549004
-542930
-542917
-537331
-533209
-532061
-530694
-516129
-508694
-503774
-501488
-492236
-489346
-489110
-474335
-471816
-470012
-469175
-459730
-453340
-446381
-446051
-445046
-436217
-428421
-428318
-425866
-421780
-420245
-417788
-417751
-412672
-412262
-402373
-401599
-397869
-385587
-379252
-375710
-375299
-369451
-359288
-355577
-350893
-345648
-343516
-343425
-330061
-329854
-325459
-322749
-320368
-317143
-313364
-311388
-311025
-305695
-301546
-300643
-294112
-292578
-290021
-289792
-279936
-274393
-264219
-258030
-253813
-241003
-231449
-226880
-226676
-216368
-215655
-212452
-210366
-209390
-206843
-206366
-203146
-202700
-200616
-200339
-199078
-198727
-194424
-189925
-184222
-179135
-175606
-173840
-169018
-166068
-162824
-157188
-149077
-148953
-148030
-140835
-132382
-128391
-127161
-123295
-117250
-116407
-113654
-111090
-110748
-106277
-101256
-82891
-81041
-78971
-76895
-72843
-66080
-58376
-53493
-49100
-47715
-46135
-45896
-45356
-36342
-33907
-27448
-23671
-23663
-21420
-19497
-17723
-10201
-648
3468
5136
8329
14567
16530
17342
34310
37088
39870
42231
46860
50764
53446
53724
61662
66032
69580
77168
83193
101818
107946
110053
112733
116347
117225
117548
118173
119941
128074
133130
134921
139602
140167
142488
156653
164558
165094
168958
169814
174096
178195
178877
183519
193050
193639
197504
209060
212099
216927
218927
218964
223324
226524
227650
229753
238432
242041
249903
263498
269956
271735
275624
277389
283393
285695
293913
294146
299825
305308
310096
310179
310554
312622
313607
320282
321194
334603
340933
342301
343169
343550
345366
351193
370276
371435
374408
374863
380716
389675
390220
393730
393792
408533
409398
413134
416869
424237
425588
434182
437686
442388
443835
446571
447620
448201
450411
452480
455987
457850
461425
471522
472597
474150
475196
476086
478539
495440
496999
498661
502311
511818
512894
516449
532450
535754
537330
540188
548647
560185
563921
571164
571873
575131
581531
582582
582923
585670
589963
590345
594375
606154
608581
608627
609146
611416
612484
613113
615993
616322
617439
621913
640973
641260
641935
642520
651884
663069
669545
672646
673738
674196
676748
689477
692625
693256
695478
695681
700613
712475
719330
721377
726947
727585
729053
729695
730529
743614
745994
757581
764086
767861
771313
774996
788279
795668
796942
800438
805603
806466
812355
815181
815262
815642
819354
820663
822883
824446
827911
831919
837055
840029
847521
850628
852013
853324
859170
859597
865617
868285
870550
873885
880843
883573
885852
889863
904403
911226
912436
925851
927460
930033
932198
933310
935638
936528
941845
946119
949509
951068
956228
960192
961131
961436
961919
968524
968571
969574
972093
973410
973695
973696
983179
987567
988059
989130
