       0       0       0       0       0       0       0       0       0       0
       0       0       0       0       0       0       0       0       0       0
  1e-006       0       0       0       0       0       0       0       0       0
  4e-006       0       0       0       0       0       0       0       0       0
  1e-005       0       0       0       0       0       0       0       0       0
  2e-005       0       0       0       0       0       0       0       0       0
 3.5e-005       0       0       0       0       0       0       0       0       0
 5.6e-005       0       0       0       0       0       0       0       0       0
 8.4e-005       0       0       0       0       0       0       0       0       0
 0.00012       0       0       0       0       0       0       0       0       0
 0.000165       0       0       0       0       0       0       0       0       0
 0.00022       0       0       0       0       0       0       0       0       0
 0.000286       0       0       0       0       0       0       0       0       0
 0.000364       0       0       0       0       0       0       0       0       0
 0.000455       0       0       0       0       0       0       0       0       0
 0.00056       0       0       0       0       0       0       0       0       0
 0.00068       0       0       0       0       0       0       0       0       0
 0.000816       0       0       0       0       0       0       0       0       0
 0.000969       0       0       0       0       0       0       0       0       0
 0.00114       0       0       0       0       0       0       0       0       0
 0.00133       0       0       0       0       0       0       0       0       0
 0.00154       0       0       0       0       0       0       0       0       0
 0.001771       0       0       0       0       0       0       0       0       0
 0.002024       0       0       0       0       0       0       0       0       0
  0.0023       0       0       0       0       0       0       0       0       0
  0.0026       0       0       0       0       0       0       0       0       0
 0.002925       0       0       0       0       0       0       0       0       0
 0.003276       0       0       0       0       0       0       0       0       0
 0.003654       0       0       0       0       0       0       0       0       0
 0.00406       0       0       0       0       0       0       0       0       0
 0.004495       0       0       0       0       0       0       0       0       0
 0.00496       0       0       0       0       0       0       0       0       0
 0.005456       0       0       0       0       0       0       0       0       0
 0.005984       0       0       0       0       0       0       0       0       0
 0.006545       0       0       0       0       0       0       0       0       0
 0.00714       0       0       0       0       0       0       0       0       0
 0.00777       0       0       0       0       0       0       0       0       0
 0.008436       0       0       0       0       0       0       0       0       0
 0.009139       0       0       0       0       0       0       0       0       0
 0.00988       0       0       0       0       0       0       0       0       0
 0.01066       0       0       0       0       0       0       0       0       0
 0.01148       0       0       0       0       0       0       0       0       0
 0.01234       0       0       0       0       0       0       0       0       0
 0.01324       0       0       0       0       0       0       0       0       0
 0.01419       0       0       0       0       0       0       0       0       0
 0.01518       0       0       0       0       0       0       0       0       0
 0.01621       0       0       0       0       0       0       0       0       0
  0.0173       0       0       0       0       0       0       0       0       0
 0.01842       0       0       0       0       0       0       0       0       0
  0.0196       0       0       0       0       0       0       0       0       0
 0.02083       0       0       0       0       0       0       0       0       0
  0.0221       0       0       0       0       0       0       0       0       0
 0.02343       0       0       0       0       0       0       0       0       0
  0.0248       0       0       0       0       0       0       0       0       0
 0.02624       0       0       0       0       0       0       0       0       0
 0.02772       0       0       0       0       0       0       0       0       0
 0.02926       0       0       0       0       0       0       0       0       0
 0.03086       0       0       0       0       0       0       0       0       0
 0.03251       0       0       0       0       0       0       0       0       0
 0.03422       0       0       0       0       0       0       0       0       0
 0.03599       0       0       0       0       0       0       0       0       0
 0.03782       0       0       0       0       0       0       0       0       0
 0.03971       0       0       0       0       0       0       0       0       0
 0.04166       0       0       0       0       0       0       0       0       0
 0.04368       0       0       0       0       0       0       0       0       0
 0.04576       0       0       0       0       0       0       0       0       0
 0.04791       0       0       0       0       0       0       0       0       0
 0.05012       0       0       0       0       0       0       0       0       0
 0.05239       0       0       0       0       0       0       0       0       0
 0.05474       0       0       0       0       0       0       0       0       0
 0.05715       0       0       0       0       0       0       0       0       0
 0.05964       0       0       0       0       0       0       0       0       0
  0.0622       0       0       0       0       0       0       0       0       0
 0.06482       0       0       0       0       0       0       0       0       0
 0.06752       0       0       0       0       0       0       0       0       0
  0.0703       0       0       0       0       0       0       0       0       0
 0.07315       0       0       0       0       0       0       0       0       0
 0.07608       0       0       0       0       0       0       0       0       0
 0.07908       0       0       0       0       0       0       0       0       0
 0.08216       0       0       0       0       0       0       0       0       0
 0.08532       0       0       0       0       0       0       0       0       0
 0.08856       0       0       0       0       0       0       0       0       0
 0.09188       0       0       0       0       0       0       0       0       0
 0.09528       0       0       0       0       0       0       0       0       0
 0.09877       0       0       0       0       0       0       0       0       0
  0.1023       0       0       0       0       0       0       0       0       0
   0.106       0       0       0       0       0       0       0       0       0
  0.1097       0       0       0       0       0       0       0       0       0
  0.1136       0       0       0       0       0       0       0       0       0
  0.1175       0       0       0       0       0       0       0       0       0
  0.1215       0       0       0       0       0       0       0       0       0
  0.1256       0       0       0       0       0       0       0       0       0
  0.1298       0       0       0       0       0       0       0       0       0
   0.134       0       0       0       0       0       0       0       0       0
  0.1384       0       0       0       0       0       0       0       0       0
  0.1429       0       0       0       0       0       0       0       0       0
  0.1474       0       0       0       0       0       0       0       0       0
  0.1521       0       0       0       0       0       0       0       0       0
  0.1568       0       0       0       0       0       0       0       0       0
  0.1617       0       0       0       0       0       0       0       0       0
  0.1666       0       0       0       0       0       0       0       0       0
  0.1717       0       0       0       0       0       0       0       0       0
  0.1768  1e-006       0       0       0       0       0       0       0       0
  0.1821  4e-006       0       0       0       0       0       0       0       0
  0.1874  1e-005       0       0       0       0       0       0       0       0
  0.1928  2e-005       0       0       0       0       0       0       0       0
  0.1983 3.5e-005       0       0       0       0       0       0       0       0
  0.2039 5.6e-005       0       0       0       0       0       0       0       0
  0.2096 8.4e-005       0       0       0       0       0       0       0       0
  0.2153 0.00012       0       0       0       0       0       0       0       0
  0.2212 0.000165       0       0       0       0       0       0       0       0
   0.227 0.00022       0       0       0       0       0       0       0       0
   0.233 0.000286       0       0       0       0       0       0       0       0
   0.239 0.000364       0       0       0       0       0       0       0       0
  0.2451 0.000455       0       0       0       0       0       0       0       0
  0.2512 0.00056       0       0       0       0       0       0       0       0
  0.2574 0.00068       0       0       0       0       0       0       0       0
  0.2637 0.000816       0       0       0       0       0       0       0       0
  0.2699 0.000969       0       0       0       0       0       0       0       0
  0.2763 0.00114       0       0       0       0       0       0       0       0
  0.2827 0.00133       0       0       0       0       0       0       0       0
  0.2891 0.00154       0       0       0       0       0       0       0       0
  0.2955 0.001771       0       0       0       0       0       0       0       0
   0.302 0.002024       0       0       0       0       0       0       0       0
  0.3085  0.0023       0       0       0       0       0       0       0       0
  0.3151  0.0026       0       0       0       0       0       0       0       0
  0.3217 0.002925       0       0       0       0       0       0       0       0
  0.3283 0.003276       0       0       0       0       0       0       0       0
  0.3349 0.003654       0       0       0       0       0       0       0       0
  0.3415 0.00406       0       0       0       0       0       0       0       0
  0.3482 0.004495       0       0       0       0       0       0       0       0
  0.3548 0.00496       0       0       0       0       0       0       0       0
  0.3615 0.005456       0       0       0       0       0       0       0       0
  0.3681 0.005984       0       0       0       0       0       0       0       0
  0.3748 0.006545       0       0       0       0       0       0       0       0
  0.3815 0.00714       0       0       0       0       0       0       0       0
  0.3881 0.00777       0       0       0       0       0       0       0       0
  0.3948 0.008436       0       0       0       0       0       0       0       0
  0.4014 0.009139       0       0       0       0       0       0       0       0
  0.4081 0.00988       0       0       0       0       0       0       0       0
  0.4147 0.01066       0       0       0       0       0       0       0       0
  0.4213 0.01148       0       0       0       0       0       0       0       0
  0.4278 0.01234       0       0       0       0       0       0       0       0
  0.4344 0.01324       0       0       0       0       0       0       0       0
  0.4409 0.01419       0       0       0       0       0       0       0       0
  0.4474 0.01518       0       0       0       0       0       0       0       0
  0.4538 0.01621       0       0       0       0       0       0       0       0
  0.4602  0.0173       0       0       0       0       0       0       0       0
  0.4666 0.01842       0       0       0       0       0       0       0       0
  0.4729  0.0196       0       0       0       0       0       0       0       0
  0.4792 0.02083       0       0       0       0       0       0       0       0
  0.4854  0.0221       0       0       0       0       0       0       0       0
  0.4916 0.02343       0       0       0       0       0       0       0       0
  0.4977  0.0248       0       0       0       0       0       0       0       0
  0.5037 0.02624       0       0       0       0       0       0       0       0
  0.5097 0.02772       0       0       0       0       0       0       0       0
  0.5157 0.02926       0       0       0       0       0       0       0       0
  0.5215 0.03086       0       0       0       0       0       0       0       0
  0.5273 0.03251       0       0       0       0       0       0       0       0
   0.533 0.03422       0       0       0       0       0       0       0       0
  0.5387 0.03599       0       0       0       0       0       0       0       0
  0.5442 0.03782       0       0       0       0       0       0       0       0
  0.5497 0.03971       0       0       0       0       0       0       0       0
  0.5551 0.04166       0       0       0       0       0       0       0       0
  0.5604 0.04368       0       0       0       0       0       0       0       0
  0.5656 0.04576       0       0       0       0       0       0       0       0
  0.5707 0.04791       0       0       0       0       0       0       0       0
  0.5758 0.05012       0       0       0       0       0       0       0       0
  0.5807 0.05239       0       0       0       0       0       0       0       0
  0.5855 0.05474       0       0       0       0       0       0       0       0
  0.5902 0.05715       0       0       0       0       0       0       0       0
  0.5948 0.05964       0       0       0       0       0       0       0       0
  0.5993  0.0622       0       0       0       0       0       0       0       0
  0.6036 0.06482       0       0       0       0       0       0       0       0
  0.6079 0.06752       0       0       0       0       0       0       0       0
   0.612  0.0703       0       0       0       0       0       0       0       0
   0.616 0.07315       0       0       0       0       0       0       0       0
  0.6199 0.07608       0       0       0       0       0       0       0       0
  0.6236 0.07908       0       0       0       0       0       0       0       0
  0.6272 0.08216       0       0       0       0       0       0       0       0
  0.6307 0.08532       0       0       0       0       0       0       0       0
   0.634 0.08856       0       0       0       0       0       0       0       0
  0.6372 0.09188       0       0       0       0       0       0       0       0
  0.6402 0.09528       0       0       0       0       0       0       0       0
  0.6431 0.09877       0       0       0       0       0       0       0       0
  0.6459  0.1023       0       0       0       0       0       0       0       0
  0.6485   0.106       0       0       0       0       0       0       0       0
  0.6509  0.1097       0       0       0       0       0       0       0       0
  0.6532  0.1136       0       0       0       0       0       0       0       0
  0.6553  0.1175       0       0       0       0       0       0       0       0
  0.6572  0.1215       0       0       0       0       0       0       0       0
   0.659  0.1256       0       0       0       0       0       0       0       0
  0.6606  0.1298       0       0       0       0       0       0       0       0
   0.662   0.134       0       0       0       0       0       0       0       0
  0.6632  0.1384       0       0       0       0       0       0       0       0
  0.6643  0.1429       0       0       0       0       0       0       0       0
  0.6651  0.1474       0       0       0       0       0       0       0       0
  0.6658  0.1521       0       0       0       0       0       0       0       0
  0.6663  0.1568       0       0       0       0       0       0       0       0
  0.6666  0.1617       0       0       0       0       0       0       0       0
  0.6667  0.1666       0       0       0       0       0       0       0       0
  0.6666  0.1717       0       0       0       0       0       0       0       0
  0.6663  0.1768  1e-006       0       0       0       0       0       0       0
  0.6658  0.1821  4e-006       0       0       0       0       0       0       0
  0.6651  0.1874  1e-005       0       0       0       0       0       0       0
  0.6643  0.1928  2e-005       0       0       0       0       0       0       0
  0.6632  0.1983 3.5e-005       0       0       0       0       0       0       0
   0.662  0.2039 5.6e-005       0       0       0       0       0       0       0
  0.6606  0.2096 8.4e-005       0       0       0       0       0       0       0
   0.659  0.2153 0.00012       0       0       0       0       0       0       0
  0.6572  0.2212 0.000165       0       0       0       0       0       0       0
  0.6553   0.227 0.00022       0       0       0       0       0       0       0
  0.6532   0.233 0.000286       0       0       0       0       0       0       0
  0.6509   0.239 0.000364       0       0       0       0       0       0       0
  0.6485  0.2451 0.000455       0       0       0       0       0       0       0
  0.6459  0.2512 0.00056       0       0       0       0       0       0       0
  0.6431  0.2574 0.00068       0       0       0       0       0       0       0
  0.6402  0.2637 0.000816       0       0       0       0       0       0       0
  0.6372  0.2699 0.000969       0       0       0       0       0       0       0
   0.634  0.2763 0.00114       0       0       0       0       0       0       0
  0.6307  0.2827 0.00133       0       0       0       0       0       0       0
  0.6272  0.2891 0.00154       0       0       0       0       0       0       0
  0.6236  0.2955 0.001771       0       0       0       0       0       0       0
  0.6199   0.302 0.002024       0       0       0       0       0       0       0
   0.616  0.3085  0.0023       0       0       0       0       0       0       0
   0.612  0.3151  0.0026       0       0       0       0       0       0       0
  0.6079  0.3217 0.002925       0       0       0       0       0       0       0
  0.6036  0.3283 0.003276       0       0       0       0       0       0       0
  0.5993  0.3349 0.003654       0       0       0       0       0       0       0
  0.5948  0.3415 0.00406       0       0       0       0       0       0       0
  0.5902  0.3482 0.004495       0       0       0       0       0       0       0
  0.5855  0.3548 0.00496       0       0       0       0       0       0       0
  0.5807  0.3615 0.005456       0       0       0       0       0       0       0
  0.5758  0.3681 0.005984       0       0       0       0       0       0       0
  0.5707  0.3748 0.006545       0       0       0       0       0       0       0
  0.5656  0.3815 0.00714       0       0       0       0       0       0       0
  0.5604  0.3881 0.00777       0       0       0       0       0       0       0
  0.5551  0.3948 0.008436       0       0       0       0       0       0       0
  0.5497  0.4014 0.009139       0       0       0       0       0       0       0
  0.5442  0.4081 0.00988       0       0       0       0       0       0       0
  0.5387  0.4147 0.01066       0       0       0       0       0       0       0
   0.533  0.4213 0.01148       0       0       0       0       0       0       0
  0.5273  0.4278 0.01234       0       0       0       0       0       0       0
  0.5215  0.4344 0.01324       0       0       0       0       0       0       0
  0.5157  0.4409 0.01419       0       0       0       0       0       0       0
  0.5097  0.4474 0.01518       0       0       0       0       0       0       0
  0.5037  0.4538 0.01621       0       0       0       0       0       0       0
  0.4977  0.4602  0.0173       0       0       0       0       0       0       0
  0.4916  0.4666 0.01842       0       0       0       0       0       0       0
  0.4854  0.4729  0.0196       0       0       0       0       0       0       0
  0.4792  0.4792 0.02083       0       0       0       0       0       0       0
  0.4729  0.4854  0.0221       0       0       0       0       0       0       0
  0.4666  0.4916 0.02343       0       0       0       0       0       0       0
  0.4602  0.4977  0.0248       0       0       0       0       0       0       0
  0.4538  0.5037 0.02624       0       0       0       0       0       0       0
  0.4474  0.5097 0.02772       0       0       0       0       0       0       0
  0.4409  0.5157 0.02926       0       0       0       0       0       0       0
  0.4344  0.5215 0.03086       0       0       0       0       0       0       0
  0.4278  0.5273 0.03251       0       0       0       0       0       0       0
  0.4213   0.533 0.03422       0       0       0       0       0       0       0
  0.4147  0.5387 0.03599       0       0       0       0       0       0       0
  0.4081  0.5442 0.03782       0       0       0       0       0       0       0
  0.4014  0.5497 0.03971       0       0       0       0       0       0       0
  0.3948  0.5551 0.04166       0       0       0       0       0       0       0
  0.3881  0.5604 0.04368       0       0       0       0       0       0       0
  0.3815  0.5656 0.04576       0       0       0       0       0       0       0
  0.3748  0.5707 0.04791       0       0       0       0       0       0       0
  0.3681  0.5758 0.05012       0       0       0       0       0       0       0
  0.3615  0.5807 0.05239       0       0       0       0       0       0       0
  0.3548  0.5855 0.05474       0       0       0       0       0       0       0
  0.3482  0.5902 0.05715       0       0       0       0       0       0       0
  0.3415  0.5948 0.05964       0       0       0       0       0       0       0
  0.3349  0.5993  0.0622       0       0       0       0       0       0       0
  0.3283  0.6036 0.06482       0       0       0       0       0       0       0
  0.3217  0.6079 0.06752       0       0       0       0       0       0       0
  0.3151   0.612  0.0703       0       0       0       0       0       0       0
  0.3085   0.616 0.07315       0       0       0       0       0       0       0
   0.302  0.6199 0.07608       0       0       0       0       0       0       0
  0.2955  0.6236 0.07908       0       0       0       0       0       0       0
  0.2891  0.6272 0.08216       0       0       0       0       0       0       0
  0.2827  0.6307 0.08532       0       0       0       0       0       0       0
  0.2763   0.634 0.08856       0       0       0       0       0       0       0
  0.2699  0.6372 0.09188       0       0       0       0       0       0       0
  0.2637  0.6402 0.09528       0       0       0       0       0       0       0
  0.2574  0.6431 0.09877       0       0       0       0       0       0       0
  0.2512  0.6459  0.1023       0       0       0       0       0       0       0
  0.2451  0.6485   0.106       0       0       0       0       0       0       0
   0.239  0.6509  0.1097       0       0       0       0       0       0       0
   0.233  0.6532  0.1136       0       0       0       0       0       0       0
   0.227  0.6553  0.1175       0       0       0       0       0       0       0
  0.2212  0.6572  0.1215       0       0       0       0       0       0       0
  0.2153   0.659  0.1256       0       0       0       0       0       0       0
  0.2096  0.6606  0.1298       0       0       0       0       0       0       0
  0.2039   0.662   0.134       0       0       0       0       0       0       0
  0.1983  0.6632  0.1384       0       0       0       0       0       0       0
  0.1928  0.6643  0.1429       0       0       0       0       0       0       0
  0.1874  0.6651  0.1474       0       0       0       0       0       0       0
  0.1821  0.6658  0.1521       0       0       0       0       0       0       0
  0.1768  0.6663  0.1568       0       0       0       0       0       0       0
  0.1717  0.6666  0.1617       0       0       0       0       0       0       0
  0.1666  0.6667  0.1666       0       0       0       0       0       0       0
  0.1617  0.6666  0.1717       0       0       0       0       0       0       0
  0.1568  0.6663  0.1768  1e-006       0       0       0       0       0       0
  0.1521  0.6658  0.1821  4e-006       0       0       0       0       0       0
  0.1474  0.6651  0.1874  1e-005       0       0       0       0       0       0
  0.1429  0.6643  0.1928  2e-005       0       0       0       0       0       0
  0.1384  0.6632  0.1983 3.5e-005       0       0       0       0       0       0
   0.134   0.662  0.2039 5.6e-005       0       0       0       0       0       0
  0.1298  0.6606  0.2096 8.4e-005       0       0       0       0       0       0
  0.1256   0.659  0.2153 0.00012       0       0       0       0       0       0
  0.1215  0.6572  0.2212 0.000165       0       0       0       0       0       0
  0.1175  0.6553   0.227 0.00022       0       0       0       0       0       0
  0.1136  0.6532   0.233 0.000286       0       0       0       0       0       0
  0.1097  0.6509   0.239 0.000364       0       0       0       0       0       0
   0.106  0.6485  0.2451 0.000455       0       0       0       0       0       0
  0.1023  0.6459  0.2512 0.00056       0       0       0       0       0       0
 0.09877  0.6431  0.2574 0.00068       0       0       0       0       0       0
 0.09528  0.6402  0.2637 0.000816       0       0       0       0       0       0
 0.09188  0.6372  0.2699 0.000969       0       0       0       0       0       0
 0.08856   0.634  0.2763 0.00114       0       0       0       0       0       0
 0.08532  0.6307  0.2827 0.00133       0       0       0       0       0       0
 0.08216  0.6272  0.2891 0.00154       0       0       0       0       0       0
 0.07908  0.6236  0.2955 0.001771       0       0       0       0       0       0
 0.07608  0.6199   0.302 0.002024       0       0       0       0       0       0
 0.07315   0.616  0.3085  0.0023       0       0       0       0       0       0
  0.0703   0.612  0.3151  0.0026       0       0       0       0       0       0
 0.06752  0.6079  0.3217 0.002925       0       0       0       0       0       0
 0.06482  0.6036  0.3283 0.003276       0       0       0       0       0       0
  0.0622  0.5993  0.3349 0.003654       0       0       0       0       0       0
 0.05964  0.5948  0.3415 0.00406       0       0       0       0       0       0
 0.05716  0.5902  0.3482 0.004495       0       0       0       0       0       0
 0.05474  0.5855  0.3548 0.00496       0       0       0       0       0       0
 0.05239  0.5807  0.3615 0.005456       0       0       0       0       0       0
 0.05012  0.5758  0.3681 0.005984       0       0       0       0       0       0
 0.04791  0.5707  0.3748 0.006545       0       0       0       0       0       0
 0.04576  0.5656  0.3815 0.00714       0       0       0       0       0       0
 0.04368  0.5604  0.3881 0.00777       0       0       0       0       0       0
 0.04166  0.5551  0.3948 0.008436       0       0       0       0       0       0
 0.03971  0.5497  0.4014 0.009139       0       0       0       0       0       0
 0.03782  0.5442  0.4081 0.00988       0       0       0       0       0       0
 0.03599  0.5387  0.4147 0.01066       0       0       0       0       0       0
 0.03422   0.533  0.4213 0.01148       0       0       0       0       0       0
 0.03251  0.5273  0.4278 0.01234       0       0       0       0       0       0
 0.03086  0.5215  0.4344 0.01324       0       0       0       0       0       0
 0.02926  0.5157  0.4409 0.01419       0       0       0       0       0       0
 0.02772  0.5097  0.4474 0.01518       0       0       0       0       0       0
 0.02624  0.5037  0.4538 0.01621       0       0       0       0       0       0
  0.0248  0.4977  0.4602  0.0173       0       0       0       0       0       0
 0.02343  0.4916  0.4666 0.01842       0       0       0       0       0       0
  0.0221  0.4854  0.4729  0.0196       0       0       0       0       0       0
 0.02083  0.4792  0.4792 0.02083       0       0       0       0       0       0
  0.0196  0.4729  0.4854  0.0221       0       0       0       0       0       0
 0.01842  0.4666  0.4916 0.02343       0       0       0       0       0       0
  0.0173  0.4602  0.4977  0.0248       0       0       0       0       0       0
 0.01621  0.4538  0.5037 0.02624       0       0       0       0       0       0
 0.01518  0.4474  0.5097 0.02772       0       0       0       0       0       0
 0.01419  0.4409  0.5157 0.02926       0       0       0       0       0       0
 0.01324  0.4344  0.5215 0.03086       0       0       0       0       0       0
 0.01234  0.4278  0.5273 0.03251       0       0       0       0       0       0
 0.01148  0.4213   0.533 0.03422       0       0       0       0       0       0
 0.01066  0.4147  0.5387 0.03599       0       0       0       0       0       0
 0.00988  0.4081  0.5442 0.03782       0       0       0       0       0       0
 0.009139  0.4014  0.5497 0.03971       0       0       0       0       0       0
 0.008436  0.3948  0.5551 0.04166       0       0       0       0       0       0
 0.00777  0.3881  0.5604 0.04368       0       0       0       0       0       0
 0.00714  0.3815  0.5656 0.04576       0       0       0       0       0       0
 0.006545  0.3748  0.5707 0.04791       0       0       0       0       0       0
 0.005984  0.3681  0.5758 0.05012       0       0       0       0       0       0
 0.005456  0.3615  0.5807 0.05239       0       0       0       0       0       0
 0.00496  0.3548  0.5855 0.05474       0       0       0       0       0       0
 0.004495  0.3482  0.5902 0.05715       0       0       0       0       0       0
 0.00406  0.3415  0.5948 0.05964       0       0       0       0       0       0
 0.003654  0.3349  0.5993  0.0622       0       0       0       0       0       0
 0.003276  0.3283  0.6036 0.06482       0       0       0       0       0       0
 0.002925  0.3217  0.6079 0.06752       0       0       0       0       0       0
  0.0026  0.3151   0.612  0.0703       0       0       0       0       0       0
  0.0023  0.3085   0.616 0.07315       0       0       0       0       0       0
 0.002024   0.302  0.6199 0.07608       0       0       0       0       0       0
 0.001771  0.2955  0.6236 0.07908       0       0       0       0       0       0
 0.00154  0.2891  0.6272 0.08216       0       0       0       0       0       0
 0.00133  0.2827  0.6307 0.08532       0       0       0       0       0       0
 0.00114  0.2763   0.634 0.08856       0       0       0       0       0       0
 0.000969  0.2699  0.6372 0.09188       0       0       0       0       0       0
 0.000816  0.2637  0.6402 0.09528       0       0       0       0       0       0
 0.00068  0.2574  0.6431 0.09877       0       0       0       0       0       0
 0.00056  0.2512  0.6459  0.1023       0       0       0       0       0       0
 0.000455  0.2451  0.6485   0.106       0       0       0       0       0       0
 0.000364   0.239  0.6509  0.1097       0       0       0       0       0       0
 0.000286   0.233  0.6532  0.1136       0       0       0       0       0       0
 0.00022   0.227  0.6553  0.1175       0       0       0       0       0       0
 0.000165  0.2212  0.6572  0.1215       0       0       0       0       0       0
 0.00012  0.2153   0.659  0.1256       0       0       0       0       0       0
 8.4e-005  0.2096  0.6606  0.1298       0       0       0       0       0       0
 5.6e-005  0.2039   0.662   0.134       0       0       0       0       0       0
 3.5e-005  0.1983  0.6632  0.1384       0       0       0       0       0       0
  2e-005  0.1928  0.6643  0.1429       0       0       0       0       0       0
  1e-005  0.1874  0.6651  0.1474       0       0       0       0       0       0
  4e-006  0.1821  0.6658  0.1521       0       0       0       0       0       0
  1e-006  0.1768  0.6663  0.1568       0       0       0       0       0       0
       0  0.1717  0.6666  0.1617       0       0       0       0       0       0
       0  0.1666  0.6667  0.1666       0       0       0       0       0       0
       0  0.1617  0.6666  0.1717       0       0       0       0       0       0
       0  0.1568  0.6663  0.1768  1e-006       0       0       0       0       0
       0  0.1521  0.6658  0.1821  4e-006       0       0       0       0       0
       0  0.1474  0.6651  0.1874  1e-005       0       0       0       0       0
       0  0.1429  0.6643  0.1928  2e-005       0       0       0       0       0
       0  0.1384  0.6632  0.1983 3.5e-005       0       0       0       0       0
       0   0.134   0.662  0.2039 5.6e-005       0       0       0       0       0
       0  0.1298  0.6606  0.2096 8.4e-005       0       0       0       0       0
       0  0.1256   0.659  0.2153 0.00012       0       0       0       0       0
       0  0.1215  0.6572  0.2212 0.000165       0       0       0       0       0
       0  0.1175  0.6553   0.227 0.00022       0       0       0       0       0
       0  0.1136  0.6532   0.233 0.000286       0       0       0       0       0
       0  0.1097  0.6509   0.239 0.000364       0       0       0       0       0
       0   0.106  0.6485  0.2451 0.000455       0       0       0       0       0
       0  0.1023  0.6459  0.2512 0.00056       0       0       0       0       0
       0 0.09877  0.6431  0.2574 0.00068       0       0       0       0       0
       0 0.09528  0.6402  0.2637 0.000816       0       0       0       0       0
       0 0.09188  0.6372  0.2699 0.000969       0       0       0       0       0
       0 0.08856   0.634  0.2763 0.00114       0       0       0       0       0
       0 0.08532  0.6307  0.2827 0.00133       0       0       0       0       0
       0 0.08216  0.6272  0.2891 0.00154       0       0       0       0       0
       0 0.07908  0.6236  0.2955 0.001771       0       0       0       0       0
       0 0.07608  0.6199   0.302 0.002024       0       0       0       0       0
       0 0.07315   0.616  0.3085  0.0023       0       0       0       0       0
       0  0.0703   0.612  0.3151  0.0026       0       0       0       0       0
       0 0.06752  0.6079  0.3217 0.002925       0       0       0       0       0
       0 0.06482  0.6036  0.3283 0.003276       0       0       0       0       0
       0  0.0622  0.5993  0.3349 0.003654       0       0       0       0       0
       0 0.05964  0.5948  0.3415 0.00406       0       0       0       0       0
       0 0.05716  0.5902  0.3482 0.004495       0       0       0       0       0
       0 0.05474  0.5855  0.3548 0.00496       0       0       0       0       0
       0 0.05239  0.5807  0.3615 0.005456       0       0       0       0       0
       0 0.05012  0.5758  0.3681 0.005984       0       0       0       0       0
       0 0.04791  0.5707  0.3748 0.006545       0       0       0       0       0
       0 0.04576  0.5656  0.3815 0.00714       0       0       0       0       0
       0 0.04368  0.5604  0.3881 0.00777       0       0       0       0       0
       0 0.04166  0.5551  0.3948 0.008436       0       0       0       0       0
       0 0.03971  0.5497  0.4014 0.009139       0       0       0       0       0
       0 0.03782  0.5442  0.4081 0.00988       0       0       0       0       0
       0 0.03599  0.5387  0.4147 0.01066       0       0       0       0       0
       0 0.03422   0.533  0.4213 0.01148       0       0       0       0       0
       0 0.03251  0.5273  0.4278 0.01234       0       0       0       0       0
       0 0.03086  0.5215  0.4344 0.01324       0       0       0       0       0
       0 0.02926  0.5157  0.4409 0.01419       0       0       0       0       0
       0 0.02772  0.5097  0.4474 0.01518       0       0       0       0       0
       0 0.02624  0.5037  0.4538 0.01621       0       0       0       0       0
       0  0.0248  0.4977  0.4602  0.0173       0       0       0       0       0
       0 0.02343  0.4916  0.4666 0.01842       0       0       0       0       0
       0  0.0221  0.4854  0.4729  0.0196       0       0       0       0       0
       0 0.02083  0.4792  0.4792 0.02083       0       0       0       0       0
       0  0.0196  0.4729  0.4854  0.0221       0       0       0       0       0
       0 0.01842  0.4666  0.4916 0.02343       0       0       0       0       0
       0  0.0173  0.4602  0.4977  0.0248       0       0       0       0       0
       0 0.01621  0.4538  0.5037 0.02624       0       0       0       0       0
       0 0.01518  0.4474  0.5097 0.02772       0       0       0       0       0
       0 0.01419  0.4409  0.5157 0.02926       0       0       0       0       0
       0 0.01324  0.4344  0.5215 0.03086       0       0       0       0       0
       0 0.01234  0.4278  0.5273 0.03251       0       0       0       0       0
       0 0.01148  0.4213   0.533 0.03422       0       0       0       0       0
       0 0.01066  0.4147  0.5387 0.03599       0       0       0       0       0
       0 0.00988  0.4081  0.5442 0.03782       0       0       0       0       0
       0 0.009139  0.4014  0.5497 0.03971       0       0       0       0       0
       0 0.008436  0.3948  0.5551 0.04166       0       0       0       0       0
       0 0.00777  0.3881  0.5604 0.04368       0       0       0       0       0
       0 0.00714  0.3815  0.5656 0.04576       0       0       0       0       0
       0 0.006545  0.3748  0.5707 0.04791       0       0       0       0       0
       0 0.005984  0.3681  0.5758 0.05012       0       0       0       0       0
       0 0.005456  0.3615  0.5807 0.05239       0       0       0       0       0
       0 0.00496  0.3548  0.5855 0.05474       0       0       0       0       0
       0 0.004495  0.3482  0.5902 0.05715       0       0       0       0       0
       0 0.00406  0.3415  0.5948 0.05964       0       0       0       0       0
       0 0.003654  0.3349  0.5993  0.0622       0       0       0       0       0
       0 0.003276  0.3283  0.6036 0.06482       0       0       0       0       0
       0 0.002925  0.3217  0.6079 0.06752       0       0       0       0       0
       0  0.0026  0.3151   0.612  0.0703       0       0       0       0       0
       0  0.0023  0.3085   0.616 0.07315       0       0       0       0       0
       0 0.002024   0.302  0.6199 0.07608       0       0       0       0       0
       0 0.001771  0.2955  0.6236 0.07908       0       0       0       0       0
       0 0.00154  0.2891  0.6272 0.08216       0       0       0       0       0
       0 0.00133  0.2827  0.6307 0.08532       0       0       0       0       0
       0 0.00114  0.2763   0.634 0.08856       0       0       0       0       0
       0 0.000969  0.2699  0.6372 0.09188       0       0       0       0       0
       0 0.000816  0.2637  0.6402 0.09528       0       0       0       0       0
       0 0.00068  0.2574  0.6431 0.09877       0       0       0       0       0
       0 0.00056  0.2512  0.6459  0.1023       0       0       0       0       0
       0 0.000455  0.2451  0.6485   0.106       0       0       0       0       0
       0 0.000364   0.239  0.6509  0.1097       0       0       0       0       0
       0 0.000286   0.233  0.6532  0.1136       0       0       0       0       0
       0 0.00022   0.227  0.6553  0.1175       0       0       0       0       0
       0 0.000165  0.2212  0.6572  0.1215       0       0       0       0       0
       0 0.00012  0.2153   0.659  0.1256       0       0       0       0       0
       0 8.4e-005  0.2096  0.6606  0.1298       0       0       0       0       0
       0 5.6e-005  0.2039   0.662   0.134       0       0       0       0       0
       0 3.5e-005  0.1983  0.6632  0.1384       0       0       0       0       0
       0  2e-005  0.1928  0.6643  0.1429       0       0       0       0       0
       0  1e-005  0.1874  0.6651  0.1474       0       0       0       0       0
       0  4e-006  0.1821  0.6658  0.1521       0       0       0       0       0
       0  1e-006  0.1768  0.6663  0.1568       0       0       0       0       0
       0       0  0.1717  0.6666  0.1617       0       0       0       0       0
       0       0  0.1666  0.6667  0.1666       0       0       0       0       0
       0       0  0.1617  0.6666  0.1717       0       0       0       0       0
       0       0  0.1568  0.6663  0.1768  1e-006       0       0       0       0
       0       0  0.1521  0.6658  0.1821  4e-006       0       0       0       0
       0       0  0.1474  0.6651  0.1874  1e-005       0       0       0       0
       0       0  0.1429  0.6643  0.1928  2e-005       0       0       0       0
       0       0  0.1384  0.6632  0.1983 3.5e-005       0       0       0       0
       0       0   0.134   0.662  0.2039 5.6e-005       0       0       0       0
       0       0  0.1298  0.6606  0.2096 8.4e-005       0       0       0       0
       0       0  0.1256   0.659  0.2153 0.00012       0       0       0       0
       0       0  0.1215  0.6572  0.2212 0.000165       0       0       0       0
       0       0  0.1175  0.6553   0.227 0.00022       0       0       0       0
       0       0  0.1136  0.6532   0.233 0.000286       0       0       0       0
       0       0  0.1097  0.6509   0.239 0.000364       0       0       0       0
       0       0   0.106  0.6485  0.2451 0.000455       0       0       0       0
       0       0  0.1023  0.6459  0.2512 0.00056       0       0       0       0
       0       0 0.09877  0.6431  0.2574 0.00068       0       0       0       0
       0       0 0.09528  0.6402  0.2637 0.000816       0       0       0       0
       0       0 0.09188  0.6372  0.2699 0.000969       0       0       0       0
       0       0 0.08856   0.634  0.2763 0.00114       0       0       0       0
       0       0 0.08532  0.6307  0.2827 0.00133       0       0       0       0
       0       0 0.08216  0.6272  0.2891 0.00154       0       0       0       0
       0       0 0.07908  0.6236  0.2955 0.001771       0       0       0       0
       0       0 0.07608  0.6199   0.302 0.002024       0       0       0       0
       0       0 0.07315   0.616  0.3085  0.0023       0       0       0       0
       0       0  0.0703   0.612  0.3151  0.0026       0       0       0       0
       0       0 0.06752  0.6079  0.3217 0.002925       0       0       0       0
       0       0 0.06482  0.6036  0.3283 0.003276       0       0       0       0
       0       0  0.0622  0.5993  0.3349 0.003654       0       0       0       0
       0       0 0.05964  0.5948  0.3415 0.00406       0       0       0       0
       0       0 0.05716  0.5902  0.3482 0.004495       0       0       0       0
       0       0 0.05474  0.5855  0.3548 0.00496       0       0       0       0
       0       0 0.05239  0.5807  0.3615 0.005456       0       0       0       0
       0       0 0.05012  0.5758  0.3681 0.005984       0       0       0       0
       0       0 0.04791  0.5707  0.3748 0.006545       0       0       0       0
       0       0 0.04576  0.5656  0.3815 0.00714       0       0       0       0
       0       0 0.04368  0.5604  0.3881 0.00777       0       0       0       0
       0       0 0.04166  0.5551  0.3948 0.008436       0       0       0       0
       0       0 0.03971  0.5497  0.4014 0.009139       0       0       0       0
       0       0 0.03782  0.5442  0.4081 0.00988       0       0       0       0
       0       0 0.03599  0.5387  0.4147 0.01066       0       0       0       0
       0       0 0.03422   0.533  0.4213 0.01148       0       0       0       0
       0       0 0.03251  0.5273  0.4278 0.01234       0       0       0       0
       0       0 0.03086  0.5215  0.4344 0.01324       0       0       0       0
       0       0 0.02926  0.5157  0.4409 0.01419       0       0       0       0
       0       0 0.02772  0.5097  0.4474 0.01518       0       0       0       0
       0       0 0.02624  0.5037  0.4538 0.01621       0       0       0       0
       0       0  0.0248  0.4977  0.4602  0.0173       0       0       0       0
       0       0 0.02343  0.4916  0.4666 0.01842       0       0       0       0
       0       0  0.0221  0.4854  0.4729  0.0196       0       0       0       0
       0       0 0.02083  0.4792  0.4792 0.02083       0       0       0       0
       0       0  0.0196  0.4729  0.4854  0.0221       0       0       0       0
       0       0 0.01842  0.4666  0.4916 0.02343       0       0       0       0
       0       0  0.0173  0.4602  0.4977  0.0248       0       0       0       0
       0       0 0.01621  0.4538  0.5037 0.02624       0       0       0       0
       0       0 0.01518  0.4474  0.5097 0.02772       0       0       0       0
       0       0 0.01419  0.4409  0.5157 0.02926       0       0       0       0
       0       0 0.01324  0.4344  0.5215 0.03086       0       0       0       0
       0       0 0.01234  0.4278  0.5273 0.03251       0       0       0       0
       0       0 0.01148  0.4213   0.533 0.03422       0       0       0       0
       0       0 0.01066  0.4147  0.5387 0.03599       0       0       0       0
       0       0 0.00988  0.4081  0.5442 0.03782       0       0       0       0
       0       0 0.009139  0.4014  0.5497 0.03971       0       0       0       0
       0       0 0.008436  0.3948  0.5551 0.04166       0       0       0       0
       0       0 0.00777  0.3881  0.5604 0.04368       0       0       0       0
       0       0 0.00714  0.3815  0.5656 0.04576       0       0       0       0
       0       0 0.006545  0.3748  0.5707 0.04791       0       0       0       0
       0       0 0.005984  0.3681  0.5758 0.05012       0       0       0       0
       0       0 0.005456  0.3615  0.5807 0.05239       0       0       0       0
       0       0 0.00496  0.3548  0.5855 0.05474       0       0       0       0
       0       0 0.004495  0.3482  0.5902 0.05715       0       0       0       0
       0       0 0.00406  0.3415  0.5948 0.05964       0       0       0       0
       0       0 0.003654  0.3349  0.5993  0.0622       0       0       0       0
       0       0 0.003276  0.3283  0.6036 0.06482       0       0       0       0
       0       0 0.002925  0.3217  0.6079 0.06752       0       0       0       0
       0       0  0.0026  0.3151   0.612  0.0703       0       0       0       0
       0       0  0.0023  0.3085   0.616 0.07315       0       0       0       0
       0       0 0.002024   0.302  0.6199 0.07608       0       0       0       0
       0       0 0.001771  0.2955  0.6236 0.07908       0       0       0       0
       0       0 0.00154  0.2891  0.6272 0.08216       0       0       0       0
       0       0 0.00133  0.2827  0.6307 0.08532       0       0       0       0
       0       0 0.00114  0.2763   0.634 0.08856       0       0       0       0
       0       0 0.000969  0.2699  0.6372 0.09188       0       0       0       0
       0       0 0.000816  0.2637  0.6402 0.09528       0       0       0       0
       0       0 0.00068  0.2574  0.6431 0.09877       0       0       0       0
       0       0 0.00056  0.2512  0.6459  0.1023       0       0       0       0
       0       0 0.000455  0.2451  0.6485   0.106       0       0       0       0
       0       0 0.000364   0.239  0.6509  0.1097       0       0       0       0
       0       0 0.000286   0.233  0.6532  0.1136       0       0       0       0
       0       0 0.00022   0.227  0.6553  0.1175       0       0       0       0
       0       0 0.000165  0.2212  0.6572  0.1215       0       0       0       0
       0       0 0.00012  0.2153   0.659  0.1256       0       0       0       0
       0       0 8.4e-005  0.2096  0.6606  0.1298       0       0       0       0
       0       0 5.6e-005  0.2039   0.662   0.134       0       0       0       0
       0       0 3.5e-005  0.1983  0.6632  0.1384       0       0       0       0
       0       0  2e-005  0.1928  0.6643  0.1429       0       0       0       0
       0       0  1e-005  0.1874  0.6651  0.1474       0       0       0       0
       0       0  4e-006  0.1821  0.6658  0.1521       0       0       0       0
       0       0  1e-006  0.1768  0.6663  0.1568       0       0       0       0
       0       0       0  0.1717  0.6666  0.1617       0       0       0       0
       0       0       0  0.1666  0.6667  0.1666       0       0       0       0
       0       0       0  0.1617  0.6666  0.1717       0       0       0       0
       0       0       0  0.1568  0.6663  0.1768  1e-006       0       0       0
       0       0       0  0.1521  0.6658  0.1821  4e-006       0       0       0
       0       0       0  0.1474  0.6651  0.1874  1e-005       0       0       0
       0       0       0  0.1429  0.6643  0.1928  2e-005       0       0       0
       0       0       0  0.1384  0.6632  0.1983 3.5e-005       0       0       0
       0       0       0   0.134   0.662  0.2039 5.6e-005       0       0       0
       0       0       0  0.1298  0.6606  0.2096 8.4e-005       0       0       0
       0       0       0  0.1256   0.659  0.2153 0.00012       0       0       0
       0       0       0  0.1215  0.6572  0.2212 0.000165       0       0       0
       0       0       0  0.1175  0.6553   0.227 0.00022       0       0       0
       0       0       0  0.1136  0.6532   0.233 0.000286       0       0       0
       0       0       0  0.1097  0.6509   0.239 0.000364       0       0       0
       0       0       0   0.106  0.6485  0.2451 0.000455       0       0       0
       0       0       0  0.1023  0.6459  0.2512 0.00056       0       0       0
       0       0       0 0.09877  0.6431  0.2574 0.00068       0       0       0
       0       0       0 0.09528  0.6402  0.2637 0.000816       0       0       0
       0       0       0 0.09188  0.6372  0.2699 0.000969       0       0       0
       0       0       0 0.08856   0.634  0.2763 0.00114       0       0       0
       0       0       0 0.08532  0.6307  0.2827 0.00133       0       0       0
       0       0       0 0.08216  0.6272  0.2891 0.00154       0       0       0
       0       0       0 0.07908  0.6236  0.2955 0.001771       0       0       0
       0       0       0 0.07608  0.6199   0.302 0.002024       0       0       0
       0       0       0 0.07315   0.616  0.3085  0.0023       0       0       0
       0       0       0  0.0703   0.612  0.3151  0.0026       0       0       0
       0       0       0 0.06752  0.6079  0.3217 0.002925       0       0       0
       0       0       0 0.06482  0.6036  0.3283 0.003276       0       0       0
       0       0       0  0.0622  0.5993  0.3349 0.003654       0       0       0
       0       0       0 0.05964  0.5948  0.3415 0.00406       0       0       0
       0       0       0 0.05716  0.5902  0.3482 0.004495       0       0       0
       0       0       0 0.05474  0.5855  0.3548 0.00496       0       0       0
       0       0       0 0.05239  0.5807  0.3615 0.005456       0       0       0
       0       0       0 0.05012  0.5758  0.3681 0.005984       0       0       0
       0       0       0 0.04791  0.5707  0.3748 0.006545       0       0       0
       0       0       0 0.04576  0.5656  0.3815 0.00714       0       0       0
       0       0       0 0.04368  0.5604  0.3881 0.00777       0       0       0
       0       0       0 0.04166  0.5551  0.3948 0.008436       0       0       0
       0       0       0 0.03971  0.5497  0.4014 0.009139       0       0       0
       0       0       0 0.03782  0.5442  0.4081 0.00988       0       0       0
       0       0       0 0.03599  0.5387  0.4147 0.01066       0       0       0
       0       0       0 0.03422   0.533  0.4213 0.01148       0       0       0
       0       0       0 0.03251  0.5273  0.4278 0.01234       0       0       0
       0       0       0 0.03086  0.5215  0.4344 0.01324       0       0       0
       0       0       0 0.02926  0.5157  0.4409 0.01419       0       0       0
       0       0       0 0.02772  0.5097  0.4474 0.01518       0       0       0
       0       0       0 0.02624  0.5037  0.4538 0.01621       0       0       0
       0       0       0  0.0248  0.4977  0.4602  0.0173       0       0       0
       0       0       0 0.02343  0.4916  0.4666 0.01842       0       0       0
       0       0       0  0.0221  0.4854  0.4729  0.0196       0       0       0
       0       0       0 0.02083  0.4792  0.4792 0.02083       0       0       0
       0       0       0  0.0196  0.4729  0.4854  0.0221       0       0       0
       0       0       0 0.01842  0.4666  0.4916 0.02343       0       0       0
       0       0       0  0.0173  0.4602  0.4977  0.0248       0       0       0
       0       0       0 0.01621  0.4538  0.5037 0.02624       0       0       0
       0       0       0 0.01518  0.4474  0.5097 0.02772       0       0       0
       0       0       0 0.01419  0.4409  0.5157 0.02926       0       0       0
       0       0       0 0.01324  0.4344  0.5215 0.03086       0       0       0
       0       0       0 0.01234  0.4278  0.5273 0.03251       0       0       0
       0       0       0 0.01148  0.4213   0.533 0.03422       0       0       0
       0       0       0 0.01066  0.4147  0.5387 0.03599       0       0       0
       0       0       0 0.00988  0.4081  0.5442 0.03782       0       0       0
       0       0       0 0.009139  0.4014  0.5497 0.03971       0       0       0
       0       0       0 0.008436  0.3948  0.5551 0.04166       0       0       0
       0       0       0 0.00777  0.3881  0.5604 0.04368       0       0       0
       0       0       0 0.00714  0.3815  0.5656 0.04576       0       0       0
       0       0       0 0.006545  0.3748  0.5707 0.04791       0       0       0
       0       0       0 0.005984  0.3681  0.5758 0.05012       0       0       0
       0       0       0 0.005456  0.3615  0.5807 0.05239       0       0       0
       0       0       0 0.00496  0.3548  0.5855 0.05474       0       0       0
       0       0       0 0.004495  0.3482  0.5902 0.05715       0       0       0
       0       0       0 0.00406  0.3415  0.5948 0.05964       0       0       0
       0       0       0 0.003654  0.3349  0.5993  0.0622       0       0       0
       0       0       0 0.003276  0.3283  0.6036 0.06482       0       0       0
       0       0       0 0.002925  0.3217  0.6079 0.06752       0       0       0
       0       0       0  0.0026  0.3151   0.612  0.0703       0       0       0
       0       0       0  0.0023  0.3085   0.616 0.07315       0       0       0
       0       0       0 0.002024   0.302  0.6199 0.07608       0       0       0
       0       0       0 0.001771  0.2955  0.6236 0.07908       0       0       0
       0       0       0 0.00154  0.2891  0.6272 0.08216       0       0       0
       0       0       0 0.00133  0.2827  0.6307 0.08532       0       0       0
       0       0       0 0.00114  0.2763   0.634 0.08856       0       0       0
       0       0       0 0.000969  0.2699  0.6372 0.09188       0       0       0
       0       0       0 0.000816  0.2637  0.6402 0.09528       0       0       0
       0       0       0 0.00068  0.2574  0.6431 0.09877       0       0       0
       0       0       0 0.00056  0.2512  0.6459  0.1023       0       0       0
       0       0       0 0.000455  0.2451  0.6485   0.106       0       0       0
       0       0       0 0.000364   0.239  0.6509  0.1097       0       0       0
       0       0       0 0.000286   0.233  0.6532  0.1136       0       0       0
       0       0       0 0.00022   0.227  0.6553  0.1175       0       0       0
       0       0       0 0.000165  0.2212  0.6572  0.1215       0       0       0
       0       0       0 0.00012  0.2153   0.659  0.1256       0       0       0
       0       0       0 8.4e-005  0.2096  0.6606  0.1298       0       0       0
       0       0       0 5.6e-005  0.2039   0.662   0.134       0       0       0
       0       0       0 3.5e-005  0.1983  0.6632  0.1384       0       0       0
       0       0       0  2e-005  0.1928  0.6643  0.1429       0       0       0
       0       0       0  1e-005  0.1874  0.6651  0.1474       0       0       0
       0       0       0  4e-006  0.1821  0.6658  0.1521       0       0       0
       0       0       0  1e-006  0.1768  0.6663  0.1568       0       0       0
       0       0       0       0  0.1717  0.6666  0.1617       0       0       0
       0       0       0       0  0.1666  0.6667  0.1666       0       0       0
       0       0       0       0  0.1617  0.6666  0.1717       0       0       0
       0       0       0       0  0.1568  0.6663  0.1768  1e-006       0       0
       0       0       0       0  0.1521  0.6658  0.1821  4e-006       0       0
       0       0       0       0  0.1474  0.6651  0.1874  1e-005       0       0
       0       0       0       0  0.1429  0.6643  0.1928  2e-005       0       0
       0       0       0       0  0.1384  0.6632  0.1983 3.5e-005       0       0
       0       0       0       0   0.134   0.662  0.2039 5.6e-005       0       0
       0       0       0       0  0.1298  0.6606  0.2096 8.4e-005       0       0
       0       0       0       0  0.1256   0.659  0.2153 0.00012       0       0
       0       0       0       0  0.1215  0.6572  0.2212 0.000165       0       0
       0       0       0       0  0.1175  0.6553   0.227 0.00022       0       0
       0       0       0       0  0.1136  0.6532   0.233 0.000286       0       0
       0       0       0       0  0.1097  0.6509   0.239 0.000364       0       0
       0       0       0       0   0.106  0.6485  0.2451 0.000455       0       0
       0       0       0       0  0.1023  0.6459  0.2512 0.00056       0       0
       0       0       0       0 0.09877  0.6431  0.2574 0.00068       0       0
       0       0       0       0 0.09528  0.6402  0.2637 0.000816       0       0
       0       0       0       0 0.09188  0.6372  0.2699 0.000969       0       0
       0       0       0       0 0.08856   0.634  0.2763 0.00114       0       0
       0       0       0       0 0.08532  0.6307  0.2827 0.00133       0       0
       0       0       0       0 0.08216  0.6272  0.2891 0.00154       0       0
       0       0       0       0 0.07908  0.6236  0.2955 0.001771       0       0
       0       0       0       0 0.07608  0.6199   0.302 0.002024       0       0
       0       0       0       0 0.07315   0.616  0.3085  0.0023       0       0
       0       0       0       0  0.0703   0.612  0.3151  0.0026       0       0
       0       0       0       0 0.06752  0.6079  0.3217 0.002925       0       0
       0       0       0       0 0.06482  0.6036  0.3283 0.003276       0       0
       0       0       0       0  0.0622  0.5993  0.3349 0.003654       0       0
       0       0       0       0 0.05964  0.5948  0.3415 0.00406       0       0
       0       0       0       0 0.05716  0.5902  0.3482 0.004495       0       0
       0       0       0       0 0.05474  0.5855  0.3548 0.00496       0       0
       0       0       0       0 0.05239  0.5807  0.3615 0.005456       0       0
       0       0       0       0 0.05012  0.5758  0.3681 0.005984       0       0
       0       0       0       0 0.04791  0.5707  0.3748 0.006545       0       0
       0       0       0       0 0.04576  0.5656  0.3815 0.00714       0       0
       0       0       0       0 0.04368  0.5604  0.3881 0.00777       0       0
       0       0       0       0 0.04166  0.5551  0.3948 0.008436       0       0
       0       0       0       0 0.03971  0.5497  0.4014 0.009139       0       0
       0       0       0       0 0.03782  0.5442  0.4081 0.00988       0       0
       0       0       0       0 0.03599  0.5387  0.4147 0.01066       0       0
       0       0       0       0 0.03422   0.533  0.4213 0.01148       0       0
       0       0       0       0 0.03251  0.5273  0.4278 0.01234       0       0
       0       0       0       0 0.03086  0.5215  0.4344 0.01324       0       0
       0       0       0       0 0.02926  0.5157  0.4409 0.01419       0       0
       0       0       0       0 0.02772  0.5097  0.4474 0.01518       0       0
       0       0       0       0 0.02624  0.5037  0.4538 0.01621       0       0
       0       0       0       0  0.0248  0.4977  0.4602  0.0173       0       0
       0       0       0       0 0.02343  0.4916  0.4666 0.01842       0       0
       0       0       0       0  0.0221  0.4854  0.4729  0.0196       0       0
       0       0       0       0 0.02083  0.4792  0.4792 0.02083       0       0
       0       0       0       0  0.0196  0.4729  0.4854  0.0221       0       0
       0       0       0       0 0.01842  0.4666  0.4916 0.02343       0       0
       0       0       0       0  0.0173  0.4602  0.4977  0.0248       0       0
       0       0       0       0 0.01621  0.4538  0.5037 0.02624       0       0
       0       0       0       0 0.01518  0.4474  0.5097 0.02772       0       0
       0       0       0       0 0.01419  0.4409  0.5157 0.02926       0       0
       0       0       0       0 0.01324  0.4344  0.5215 0.03086       0       0
       0       0       0       0 0.01234  0.4278  0.5273 0.03251       0       0
       0       0       0       0 0.01148  0.4213   0.533 0.03422       0       0
       0       0       0       0 0.01066  0.4147  0.5387 0.03599       0       0
       0       0       0       0 0.00988  0.4081  0.5442 0.03782       0       0
       0       0       0       0 0.009139  0.4014  0.5497 0.03971       0       0
       0       0       0       0 0.008436  0.3948  0.5551 0.04166       0       0
       0       0       0       0 0.00777  0.3881  0.5604 0.04368       0       0
       0       0       0       0 0.00714  0.3815  0.5656 0.04576       0       0
       0       0       0       0 0.006545  0.3748  0.5707 0.04791       0       0
       0       0       0       0 0.005984  0.3681  0.5758 0.05012       0       0
       0       0       0       0 0.005456  0.3615  0.5807 0.05239       0       0
       0       0       0       0 0.00496  0.3548  0.5855 0.05474       0       0
       0       0       0       0 0.004495  0.3482  0.5902 0.05715       0       0
       0       0       0       0 0.00406  0.3415  0.5948 0.05964       0       0
       0       0       0       0 0.003654  0.3349  0.5993  0.0622       0       0
       0       0       0       0 0.003276  0.3283  0.6036 0.06482       0       0
       0       0       0       0 0.002925  0.3217  0.6079 0.06752       0       0
       0       0       0       0  0.0026  0.3151   0.612  0.0703       0       0
       0       0       0       0  0.0023  0.3085   0.616 0.07315       0       0
       0       0       0       0 0.002024   0.302  0.6199 0.07608       0       0
       0       0       0       0 0.001771  0.2955  0.6236 0.07908       0       0
       0       0       0       0 0.00154  0.2891  0.6272 0.08216       0       0
       0       0       0       0 0.00133  0.2827  0.6307 0.08532       0       0
       0       0       0       0 0.00114  0.2763   0.634 0.08856       0       0
       0       0       0       0 0.000969  0.2699  0.6372 0.09188       0       0
       0       0       0       0 0.000816  0.2637  0.6402 0.09528       0       0
       0       0       0       0 0.00068  0.2574  0.6431 0.09877       0       0
       0       0       0       0 0.00056  0.2512  0.6459  0.1023       0       0
       0       0       0       0 0.000455  0.2451  0.6485   0.106       0       0
       0       0       0       0 0.000364   0.239  0.6509  0.1097       0       0
       0       0       0       0 0.000286   0.233  0.6532  0.1136       0       0
       0       0       0       0 0.00022   0.227  0.6553  0.1175       0       0
       0       0       0       0 0.000165  0.2212  0.6572  0.1215       0       0
       0       0       0       0 0.00012  0.2153   0.659  0.1256       0       0
       0       0       0       0 8.4e-005  0.2096  0.6606  0.1298       0       0
       0       0       0       0 5.6e-005  0.2039   0.662   0.134       0       0
       0       0       0       0 3.5e-005  0.1983  0.6632  0.1384       0       0
       0       0       0       0  2e-005  0.1928  0.6643  0.1429       0       0
       0       0       0       0  1e-005  0.1874  0.6651  0.1474       0       0
       0       0       0       0  4e-006  0.1821  0.6658  0.1521       0       0
       0       0       0       0  1e-006  0.1768  0.6663  0.1568       0       0
       0       0       0       0       0  0.1717  0.6666  0.1617       0       0
       0       0       0       0       0  0.1666  0.6667  0.1666       0       0
       0       0       0       0       0  0.1617  0.6666  0.1717       0       0
       0       0       0       0       0  0.1568  0.6663  0.1768  1e-006       0
       0       0       0       0       0  0.1521  0.6658  0.1821  4e-006       0
       0       0       0       0       0  0.1474  0.6651  0.1874  1e-005       0
       0       0       0       0       0  0.1429  0.6643  0.1928  2e-005       0
       0       0       0       0       0  0.1384  0.6632  0.1983 3.5e-005       0
       0       0       0       0       0   0.134   0.662  0.2039 5.6e-005       0
       0       0       0       0       0  0.1298  0.6606  0.2096 8.4e-005       0
       0       0       0       0       0  0.1256   0.659  0.2153 0.00012       0
       0       0       0       0       0  0.1215  0.6572  0.2212 0.000165       0
       0       0       0       0       0  0.1175  0.6553   0.227 0.00022       0
       0       0       0       0       0  0.1136  0.6532   0.233 0.000286       0
       0       0       0       0       0  0.1097  0.6509   0.239 0.000364       0
       0       0       0       0       0   0.106  0.6485  0.2451 0.000455       0
       0       0       0       0       0  0.1023  0.6459  0.2512 0.00056       0
       0       0       0       0       0 0.09877  0.6431  0.2574 0.00068       0
       0       0       0       0       0 0.09528  0.6402  0.2637 0.000816       0
       0       0       0       0       0 0.09188  0.6372  0.2699 0.000969       0
       0       0       0       0       0 0.08856   0.634  0.2763 0.00114       0
       0       0       0       0       0 0.08532  0.6307  0.2827 0.00133       0
       0       0       0       0       0 0.08216  0.6272  0.2891 0.00154       0
       0       0       0       0       0 0.07908  0.6236  0.2955 0.001771       0
       0       0       0       0       0 0.07608  0.6199   0.302 0.002024       0
       0       0       0       0       0 0.07315   0.616  0.3085  0.0023       0
       0       0       0       0       0  0.0703   0.612  0.3151  0.0026       0
       0       0       0       0       0 0.06752  0.6079  0.3217 0.002925       0
       0       0       0       0       0 0.06482  0.6036  0.3283 0.003276       0
       0       0       0       0       0  0.0622  0.5993  0.3349 0.003654       0
       0       0       0       0       0 0.05964  0.5948  0.3415 0.00406       0
       0       0       0       0       0 0.05716  0.5902  0.3482 0.004495       0
       0       0       0       0       0 0.05474  0.5855  0.3548 0.00496       0
       0       0       0       0       0 0.05239  0.5807  0.3615 0.005456       0
       0       0       0       0       0 0.05012  0.5758  0.3681 0.005984       0
       0       0       0       0       0 0.04791  0.5707  0.3748 0.006545       0
       0       0       0       0       0 0.04576  0.5656  0.3815 0.00714       0
       0       0       0       0       0 0.04368  0.5604  0.3881 0.00777       0
       0       0       0       0       0 0.04166  0.5551  0.3948 0.008436       0
       0       0       0       0       0 0.03971  0.5497  0.4014 0.009139       0
       0       0       0       0       0 0.03782  0.5442  0.4081 0.00988       0
       0       0       0       0       0 0.03599  0.5387  0.4147 0.01066       0
       0       0       0       0       0 0.03422   0.533  0.4213 0.01148       0
       0       0       0       0       0 0.03251  0.5273  0.4278 0.01234       0
       0       0       0       0       0 0.03086  0.5215  0.4344 0.01324       0
       0       0       0       0       0 0.02926  0.5157  0.4409 0.01419       0
       0       0       0       0       0 0.02772  0.5097  0.4474 0.01518       0
       0       0       0       0       0 0.02624  0.5037  0.4538 0.01621       0
       0       0       0       0       0  0.0248  0.4977  0.4602  0.0173       0
       0       0       0       0       0 0.02343  0.4916  0.4666 0.01842       0
       0       0       0       0       0  0.0221  0.4854  0.4729  0.0196       0
       0       0       0       0       0 0.02083  0.4792  0.4792 0.02083       0
       0       0       0       0       0  0.0196  0.4729  0.4854  0.0221       0
       0       0       0       0       0 0.01842  0.4666  0.4916 0.02343       0
       0       0       0       0       0  0.0173  0.4602  0.4977  0.0248       0
       0       0       0       0       0 0.01621  0.4538  0.5037 0.02624       0
       0       0       0       0       0 0.01518  0.4474  0.5097 0.02772       0
       0       0       0       0       0 0.01419  0.4409  0.5157 0.02926       0
       0       0       0       0       0 0.01324  0.4344  0.5215 0.03086       0
       0       0       0       0       0 0.01234  0.4278  0.5273 0.03251       0
       0       0       0       0       0 0.01148  0.4213   0.533 0.03422       0
       0       0       0       0       0 0.01066  0.4147  0.5387 0.03599       0
       0       0       0       0       0 0.00988  0.4081  0.5442 0.03782       0
       0       0       0       0       0 0.009139  0.4014  0.5497 0.03971       0
       0       0       0       0       0 0.008436  0.3948  0.5551 0.04166       0
       0       0       0       0       0 0.00777  0.3881  0.5604 0.04368       0
       0       0       0       0       0 0.00714  0.3815  0.5656 0.04576       0
       0       0       0       0       0 0.006545  0.3748  0.5707 0.04791       0
       0       0       0       0       0 0.005984  0.3681  0.5758 0.05012       0
       0       0       0       0       0 0.005456  0.3615  0.5807 0.05239       0
       0       0       0       0       0 0.00496  0.3548  0.5855 0.05474       0
       0       0       0       0       0 0.004495  0.3482  0.5902 0.05715       0
       0       0       0       0       0 0.00406  0.3415  0.5948 0.05964       0
       0       0       0       0       0 0.003654  0.3349  0.5993  0.0622       0
       0       0       0       0       0 0.003276  0.3283  0.6036 0.06482       0
       0       0       0       0       0 0.002925  0.3217  0.6079 0.06752       0
       0       0       0       0       0  0.0026  0.3151   0.612  0.0703       0
       0       0       0       0       0  0.0023  0.3085   0.616 0.07315       0
       0       0       0       0       0 0.002024   0.302  0.6199 0.07608       0
       0       0       0       0       0 0.001771  0.2955  0.6236 0.07908       0
       0       0       0       0       0 0.00154  0.2891  0.6272 0.08216       0
       0       0       0       0       0 0.00133  0.2827  0.6307 0.08532       0
       0       0       0       0       0 0.00114  0.2763   0.634 0.08856       0
       0       0       0       0       0 0.000969  0.2699  0.6372 0.09188       0
       0       0       0       0       0 0.000816  0.2637  0.6402 0.09528       0
       0       0       0       0       0 0.00068  0.2574  0.6431 0.09877       0
       0       0       0       0       0 0.00056  0.2512  0.6459  0.1023       0
       0       0       0       0       0 0.000455  0.2451  0.6485   0.106       0
       0       0       0       0       0 0.000364   0.239  0.6509  0.1097       0
       0       0       0       0       0 0.000286   0.233  0.6532  0.1136       0
       0       0       0       0       0 0.00022   0.227  0.6553  0.1175       0
       0       0       0       0       0 0.000165  0.2212  0.6572  0.1215       0
       0       0       0       0       0 0.00012  0.2153   0.659  0.1256       0
       0       0       0       0       0 8.4e-005  0.2096  0.6606  0.1298       0
       0       0       0       0       0 5.6e-005  0.2039   0.662   0.134       0
       0       0       0       0       0 3.5e-005  0.1983  0.6632  0.1384       0
       0       0       0       0       0  2e-005  0.1928  0.6643  0.1429       0
       0       0       0       0       0  1e-005  0.1874  0.6651  0.1474       0
       0       0       0       0       0  4e-006  0.1821  0.6658  0.1521       0
       0       0       0       0       0  1e-006  0.1768  0.6663  0.1568       0
       0       0       0       0       0       0  0.1717  0.6666  0.1617       0
       0       0       0       0       0       0  0.1666  0.6667  0.1666       0
       0       0       0       0       0       0  0.1617  0.6666  0.1717       0
       0       0       0       0       0       0  0.1568  0.6663  0.1768  1e-006
       0       0       0       0       0       0  0.1521  0.6658  0.1821  4e-006
       0       0       0       0       0       0  0.1474  0.6651  0.1874  1e-005
       0       0       0       0       0       0  0.1429  0.6643  0.1928  2e-005
       0       0       0       0       0       0  0.1384  0.6632  0.1983 3.5e-005
       0       0       0       0       0       0   0.134   0.662  0.2039 5.6e-005
       0       0       0       0       0       0  0.1298  0.6606  0.2096 8.4e-005
       0       0       0       0       0       0  0.1256   0.659  0.2153 0.00012
       0       0       0       0       0       0  0.1215  0.6572  0.2212 0.000165
       0       0       0       0       0       0  0.1175  0.6553   0.227 0.00022
       0       0       0       0       0       0  0.1136  0.6532   0.233 0.000286
       0       0       0       0       0       0  0.1097  0.6509   0.239 0.000364
       0       0       0       0       0       0   0.106  0.6485  0.2451 0.000455
       0       0       0       0       0       0  0.1023  0.6459  0.2512 0.00056
       0       0       0       0       0       0 0.09877  0.6431  0.2574 0.00068
       0       0       0       0       0       0 0.09528  0.6402  0.2637 0.000816
       0       0       0       0       0       0 0.09188  0.6372  0.2699 0.000969
       0       0       0       0       0       0 0.08856   0.634  0.2763 0.00114
       0       0       0       0       0       0 0.08532  0.6307  0.2827 0.00133
       0       0       0       0       0       0 0.08216  0.6272  0.2891 0.00154
       0       0       0       0       0       0 0.07908  0.6236  0.2955 0.001771
       0       0       0       0       0       0 0.07608  0.6199   0.302 0.002024
       0       0       0       0       0       0 0.07315   0.616  0.3085  0.0023
       0       0       0       0       0       0  0.0703   0.612  0.3151  0.0026
       0       0       0       0       0       0 0.06752  0.6079  0.3217 0.002925
       0       0       0       0       0       0 0.06482  0.6036  0.3283 0.003276
       0       0       0       0       0       0  0.0622  0.5993  0.3349 0.003654
       0       0       0       0       0       0 0.05964  0.5948  0.3415 0.00406
       0       0       0       0       0       0 0.05716  0.5902  0.3482 0.004495
       0       0       0       0       0       0 0.05474  0.5855  0.3548 0.00496
       0       0       0       0       0       0 0.05239  0.5807  0.3615 0.005456
       0       0       0       0       0       0 0.05012  0.5758  0.3681 0.005984
       0       0       0       0       0       0 0.04791  0.5707  0.3748 0.006545
       0       0       0       0       0       0 0.04576  0.5656  0.3815 0.00714
       0       0       0       0       0       0 0.04368  0.5604  0.3881 0.00777
       0       0       0       0       0       0 0.04166  0.5551  0.3948 0.008436
       0       0       0       0       0       0 0.03971  0.5497  0.4014 0.009139
       0       0       0       0       0       0 0.03782  0.5442  0.4081 0.00988
       0       0       0       0       0       0 0.03599  0.5387  0.4147 0.01066
       0       0       0       0       0       0 0.03422   0.533  0.4213 0.01148
       0       0       0       0       0       0 0.03251  0.5273  0.4278 0.01234
       0       0       0       0       0       0 0.03086  0.5215  0.4344 0.01324
       0       0       0       0       0       0 0.02926  0.5157  0.4409 0.01419
       0       0       0       0       0       0 0.02772  0.5097  0.4474 0.01518
       0       0       0       0       0       0 0.02624  0.5037  0.4538 0.01621
       0       0       0       0       0       0  0.0248  0.4977  0.4602  0.0173
       0       0       0       0       0       0 0.02343  0.4916  0.4666 0.01842
       0       0       0       0       0       0  0.0221  0.4854  0.4729  0.0196
       0       0       0       0       0       0 0.02083  0.4792  0.4792 0.02083
       0       0       0       0       0       0  0.0196  0.4729  0.4854  0.0221
       0       0       0       0       0       0 0.01842  0.4666  0.4916 0.02343
       0       0       0       0       0       0  0.0173  0.4602  0.4977  0.0248
       0       0       0       0       0       0 0.01621  0.4538  0.5037 0.02624
       0       0       0       0       0       0 0.01518  0.4474  0.5097 0.02772
       0       0       0       0       0       0 0.01419  0.4409  0.5157 0.02926
       0       0       0       0       0       0 0.01324  0.4344  0.5215 0.03086
       0       0       0       0       0       0 0.01234  0.4278  0.5273 0.03251
       0       0       0       0       0       0 0.01148  0.4213   0.533 0.03422
       0       0       0       0       0       0 0.01066  0.4147  0.5387 0.03599
       0       0       0       0       0       0 0.00988  0.4081  0.5442 0.03782
       0       0       0       0       0       0 0.009139  0.4014  0.5497 0.03971
       0       0       0       0       0       0 0.008436  0.3948  0.5551 0.04166
       0       0       0       0       0       0 0.00777  0.3881  0.5604 0.04368
       0       0       0       0       0       0 0.00714  0.3815  0.5656 0.04576
       0       0       0       0       0       0 0.006545  0.3748  0.5707 0.04791
       0       0       0       0       0       0 0.005984  0.3681  0.5758 0.05012
       0       0       0       0       0       0 0.005456  0.3615  0.5807 0.05239
       0       0       0       0       0       0 0.00496  0.3548  0.5855 0.05474
       0       0       0       0       0       0 0.004495  0.3482  0.5902 0.05715
       0       0       0       0       0       0 0.00406  0.3415  0.5948 0.05964
       0       0       0       0       0       0 0.003654  0.3349  0.5993  0.0622
       0       0       0       0       0       0 0.003276  0.3283  0.6036 0.06482
       0       0       0       0       0       0 0.002925  0.3217  0.6079 0.06752
       0       0       0       0       0       0  0.0026  0.3151   0.612  0.0703
       0       0       0       0       0       0  0.0023  0.3085   0.616 0.07315
       0       0       0       0       0       0 0.002024   0.302  0.6199 0.07608
       0       0       0       0       0       0 0.001771  0.2955  0.6236 0.07908
       0       0       0       0       0       0 0.00154  0.2891  0.6272 0.08216
       0       0       0       0       0       0 0.00133  0.2827  0.6307 0.08532
       0       0       0       0       0       0 0.00114  0.2763   0.634 0.08856
       0       0       0       0       0       0 0.000969  0.2699  0.6372 0.09188
       0       0       0       0       0       0 0.000816  0.2637  0.6402 0.09528
       0       0       0       0       0       0 0.00068  0.2574  0.6431 0.09877
       0       0       0       0       0       0 0.00056  0.2512  0.6459  0.1023
       0       0       0       0       0       0 0.000455  0.2451  0.6485   0.106
       0       0       0       0       0       0 0.000364   0.239  0.6509  0.1097
       0       0       0       0       0       0 0.000286   0.233  0.6532  0.1136
       0       0       0       0       0       0 0.00022   0.227  0.6553  0.1175
       0       0       0       0       0       0 0.000165  0.2212  0.6572  0.1215
       0       0       0       0       0       0 0.00012  0.2153   0.659  0.1256
       0       0       0       0       0       0 8.4e-005  0.2096  0.6606  0.1298
       0       0       0       0       0       0 5.6e-005  0.2039   0.662   0.134
       0       0       0       0       0       0 3.5e-005  0.1983  0.6632  0.1384
       0       0       0       0       0       0  2e-005  0.1928  0.6643  0.1429
       0       0       0       0       0       0  1e-005  0.1874  0.6651  0.1474
       0       0       0       0       0       0  4e-006  0.1821  0.6658  0.1521
       0       0       0       0       0       0  1e-006  0.1768  0.6663  0.1568
       0       0       0       0       0       0       0  0.1717  0.6666  0.1617
       0       0       0       0       0       0       0  0.1666  0.6667  0.1666
